{
    "asset": {
        "version": "2.0",
        "generator": "Open Asset Import Library (assimp v5.4.0)"
    },
    "extensionsUsed": [
        "KHR_materials_volume",
        "FB_ngon_encoding"
    ],
    "accessors": [
        {
            "bufferView": 0,
            "byteOffset": 0,
            "componentType": 5126,
            "count": 244668,
            "type": "VEC3",
            "max": [
                0.6799762845039368,
                1.8300000429153442,
                0.4258542060852051
            ],
            "min": [
                -0.6799764037132263,
                4.400454045594415e-8,
                -0.4258542060852051
            ]
        },
        {
            "bufferView": 1,
            "byteOffset": 0,
            "componentType": 5126,
            "count": 244668,
            "type": "VEC3",
            "max": [
                0.9999985098838806,
                0.9999997019767761,
                0.9999988675117493
            ],
            "min": [
                -0.9999998807907104,
                -1.0,
                -0.9999998807907104
            ]
        },
        {
            "bufferView": 2,
            "byteOffset": 0,
            "componentType": 5126,
            "count": 244668,
            "type": "VEC2",
            "max": [
                0.99951171875,
                1.0
            ],
            "min": [
                0.0000020265579223632813,
                0.000006020069122314453
            ]
        },
        {
            "bufferView": 3,
            "byteOffset": 0,
            "componentType": 5125,
            "count": 1248456,
            "type": "SCALAR",
            "max": [
                244667
            ],
            "min": [
                0
            ]
        },
        {
            "bufferView": 4,
            "byteOffset": 0,
            "componentType": 5123,
            "count": 244668,
            "type": "VEC4",
            "max": [
                18,
                18,
                18,
                18
            ],
            "min": [
                0,
                0,
                0,
                0
            ]
        },
        {
            "bufferView": 5,
            "byteOffset": 0,
            "componentType": 5126,
            "count": 244668,
            "type": "VEC4",
            "max": [
                1.0,
                0.5,
                0.3248802125453949,
                0.22592779994010925
            ],
            "min": [
                0.2748681902885437,
                0.0,
                0.0,
                0.0
            ]
        },
        {
            "bufferView": 6,
            "byteOffset": 0,
            "componentType": 5126,
            "count": 19,
            "type": "MAT4",
            "max": [
                99.9999771118164,
                92.61637115478516,
                37.853885650634766,
                0.0,
                80.72463989257813,
                95.16830444335938,
                63.55295944213867,
                0.0,
                95.11555480957031,
                99.99698638916016,
                95.16828918457031,
                0.0,
                64.8906021118164,
                60.32729721069336,
                99.94747161865234,
                1.0
            ],
            "min": [
                -29.074337005615234,
                -95.11554718017578,
                -80.72463989257813,
                0.0,
                -37.853816986083984,
                -99.27840423583984,
                -100.00003051757813,
                0.0,
                -92.61637878417969,
                -63.55294418334961,
                -99.27839660644531,
                0.0,
                -101.0454330444336,
                -112.39561462402344,
                -58.54507827758789,
                1.0
            ]
        }
    ],
    "buffers": [
        {
            "byteLength": 20653792,
            "uri": "Animation_Walking_withSkin_0.bin"
        }
    ],
    "bufferViews": [
        {
            "buffer": 0,
            "byteOffset": 0,
            "byteLength": 2936016,
            "target": 34962
        },
        {
            "buffer": 0,
            "byteOffset": 2936016,
            "byteLength": 2936016,
            "target": 34962
        },
        {
            "buffer": 0,
            "byteOffset": 5872032,
            "byteLength": 1957344,
            "target": 34962
        },
        {
            "buffer": 0,
            "byteOffset": 7829376,
            "byteLength": 4993824,
            "target": 34963
        },
        {
            "buffer": 0,
            "byteOffset": 12823200,
            "byteLength": 1957344
        },
        {
            "buffer": 0,
            "byteOffset": 16737888,
            "byteLength": 3914688
        },
        {
            "buffer": 0,
            "byteOffset": 20652576,
            "byteLength": 1216
        }
    ],
    "images": [
        {
            "uri": "textures/image_0.png"
        }
    ],
    "materials": [
        {
            "name": "Material_1",
            "pbrMetallicRoughness": {
                "baseColorTexture": {
                    "index": 0
                },
                "metallicFactor": 0.800000011920929
            },
            "emissiveTexture": {
                "index": 0
            },
            "emissiveFactor": [
                1.0,
                1.0,
                1.0
            ],
            "doubleSided": true
        }
    ],
    "meshes": [
        {
            "name": "meshes[0]",
            "primitives": [
                {
                    "mode": 4,
                    "material": 0,
                    "indices": 3,
                    "attributes": {
                        "POSITION": 0,
                        "NORMAL": 1,
                        "TEXCOORD_0": 2,
                        "JOINTS_0": 4,
                        "WEIGHTS_0": 5
                    }
                }
            ]
        }
    ],
    "nodes": [
        {
            "name": "Animation_Walking_withSkin",
            "children": [
                1
            ]
        },
        {
            "name": "Armature",
            "matrix": [
                0.009999999776482582,
                0.0,
                0.0,
                0.0,
                0.0,
                0.009999999776482582,
                0.0,
                0.0,
                0.0,
                0.0,
                0.009999999776482582,
                0.0,
                0.0,
                0.0,
                0.0,
                1.0
            ],
            "children": [
                2,
                26
            ],
            "extras": {
                "name": "Armature"
            }
        },
        {
            "name": "Hips",
            "matrix": [
                0.9866509437561035,
                -0.1531362384557724,
                0.05539965629577637,
                0.0,
                0.1531362682580948,
                0.7567374110221863,
                -0.6355295181274414,
                0.0,
                0.05539960786700249,
                0.6355295181274414,
                0.770086407661438,
                0.0,
                -0.6684681177139282,
                67.8973388671875,
                20.038463592529297,
                1.0
            ],
            "children": [
                3,
                7,
                11
            ],
            "extras": {
                "name": "Hips"
            }
        },
        {
            "name": "LeftUpLeg",
            "matrix": [
                0.8178030848503113,
                0.5697256922721863,
                0.08130435645580292,
                0.0,
                0.3679700791835785,
                -0.40902966260910034,
                -0.8350405097007751,
                0.0,
                -0.4424881935119629,
                0.7128164172172546,
                -0.5441478490829468,
                0.0,
                12.509454727172852,
                -1.2173115015029907,
                -5.096386432647705,
                1.0
            ],
            "children": [
                4
            ],
            "extras": {
                "name": "LeftUpLeg"
            }
        },
        {
            "name": "LeftLeg",
            "matrix": [
                0.9413578510284424,
                0.23368695378303528,
                -0.24338385462760925,
                0.0,
                -0.3373989462852478,
                0.6462098360061646,
                -0.6845250725746155,
                0.0,
                -0.0026875375770032406,
                0.7265006303787231,
                0.6871604919433594,
                0.0,
                0.000002384185791015625,
                27.10657501220703,
                -0.0000011920928955078125,
                1.0
            ],
            "children": [
                5
            ],
            "extras": {
                "name": "LeftLeg"
            }
        },
        {
            "name": "LeftFoot",
            "matrix": [
                0.9943446516990662,
                0.09226678311824799,
                -0.052586376667022705,
                0.0,
                -0.10300592333078384,
                0.9584336280822754,
                -0.2660726010799408,
                0.0,
                0.025850892066955566,
                0.2699846029281616,
                0.9625175595283508,
                0.0,
                -7.152557373046875e-7,
                26.885459899902344,
                -0.0000010728836059570313,
                1.0
            ],
            "children": [
                6
            ],
            "extras": {
                "name": "LeftFoot"
            }
        },
        {
            "name": "LeftToeBase",
            "matrix": [
                0.9999504685401917,
                -0.000010491328794159926,
                0.009948516264557838,
                0.0,
                0.007201462984085083,
                0.6906965374946594,
                -0.7231088876724243,
                0.0,
                -0.0068638199009001255,
                0.7231447100639343,
                0.6906624436378479,
                0.0,
                -0.0000011101365089416504,
                13.656963348388672,
                3.5762786865234375e-7,
                1.0
            ],
            "extras": {
                "name": "LeftToeBase"
            }
        },
        {
            "name": "RightUpLeg",
            "matrix": [
                0.9838780164718628,
                -0.17711108922958374,
                0.02481163665652275,
                0.0,
                -0.0647851750254631,
                -0.4822773337364197,
                -0.8736198544502258,
                0.0,
                0.16669385135173798,
                0.8579279184341431,
                -0.4859762489795685,
                0.0,
                -11.49837589263916,
                -4.936640739440918,
                -6.452589988708496,
                1.0
            ],
            "children": [
                8
            ],
            "extras": {
                "name": "RightUpLeg"
            }
        },
        {
            "name": "RightLeg",
            "matrix": [
                0.985838770866394,
                -0.11853156983852386,
                0.1186271607875824,
                0.0,
                0.15207406878471375,
                0.930044412612915,
                -0.33450084924697876,
                0.0,
                -0.07067961245775223,
                0.3478039801120758,
                0.9348993301391602,
                0.0,
                3.5762786865234375e-7,
                26.699289321899414,
                -7.860362529754639e-7,
                1.0
            ],
            "children": [
                9
            ],
            "extras": {
                "name": "RightLeg"
            }
        },
        {
            "name": "RightFoot",
            "matrix": [
                0.98454749584198,
                -0.12118721008300781,
                0.1264125257730484,
                0.0,
                0.17118848860263824,
                0.513973593711853,
                -0.84055095911026,
                0.0,
                0.03689131885766983,
                0.849202573299408,
                0.5267772078514099,
                0.0,
                0.0000025033950805664063,
                23.80193519592285,
                2.60770320892334e-7,
                1.0
            ],
            "children": [
                10
            ],
            "extras": {
                "name": "RightFoot"
            }
        },
        {
            "name": "RightToeBase",
            "matrix": [
                0.9999975562095642,
                -5.501458417711547e-7,
                0.002216415014117956,
                0.0,
                0.0011708916863426566,
                0.8492003679275513,
                -0.5280697345733643,
                0.0,
                -0.0018818898824974895,
                0.5280709862709045,
                0.8491982817649841,
                0.0,
                -0.0000012246891856193542,
                18.602359771728516,
                -0.000004433095455169678,
                1.0
            ],
            "extras": {
                "name": "RightToeBase"
            }
        },
        {
            "name": "Spine02",
            "matrix": [
                0.98833167552948,
                0.14816924929618835,
                0.03529876843094826,
                0.0,
                -0.15066953003406525,
                0.9170519113540649,
                0.3692077398300171,
                0.0,
                0.02233443409204483,
                -0.3702182471752167,
                0.9286763072013855,
                0.0,
                -1.0110807418823242,
                6.153955459594727,
                2.477604627609253,
                1.0
            ],
            "children": [
                12
            ],
            "extras": {
                "name": "Spine02"
            }
        },
        {
            "name": "Spine01",
            "matrix": [
                0.9999998807907104,
                1.816079020500183e-8,
                -9.546055501630235e-9,
                0.0,
                -1.816079020500183e-8,
                0.9999999403953552,
                2.9729564587910318e-8,
                0.0,
                9.546056389808655e-9,
                -2.9729562811553478e-8,
                0.9999998807907104,
                0.0,
                -9.238719940185547e-7,
                6.7105817794799805,
                0.0000033583492040634155,
                1.0
            ],
            "children": [
                13
            ],
            "extras": {
                "name": "Spine01"
            }
        },
        {
            "name": "Spine",
            "matrix": [
                0.9997670650482178,
                0.012706338427960873,
                0.017442971467971802,
                0.0,
                -0.012646978721022606,
                0.99991375207901,
                -0.003509098431095481,
                0.0,
                -0.017486056312918663,
                0.0032876802142709494,
                0.9998415112495422,
                0.0,
                1.1920928955078125e-7,
                6.7105913162231445,
                0.0000013723038136959076,
                1.0
            ],
            "children": [
                14,
                18,
                22
            ],
            "extras": {
                "name": "Spine"
            }
        },
        {
            "name": "LeftShoulder",
            "matrix": [
                -0.16411176323890686,
                0.3058958351612091,
                -0.937813937664032,
                0.0,
                0.9864415526390076,
                0.050260938704013824,
                -0.1562272012233734,
                0.0,
                -0.0006538386223837733,
                -0.9507373571395874,
                -0.3099967837333679,
                0.0,
                4.698500156402588,
                2.7040891647338867,
                -2.3999247550964355,
                1.0
            ],
            "children": [
                15
            ],
            "extras": {
                "name": "LeftShoulder"
            }
        },
        {
            "name": "LeftArm",
            "matrix": [
                0.9144687652587891,
                -0.1430244892835617,
                0.3785381615161896,
                0.0,
                0.2525425851345062,
                0.9326351881027222,
                -0.257708877325058,
                0.0,
                -0.3161793649196625,
                0.33126378059387207,
                0.8889856338500977,
                0.0,
                -0.0000011693637134158053,
                19.051969528198242,
                -0.000014922066839062609,
                1.0
            ],
            "children": [
                16
            ],
            "extras": {
                "name": "LeftArm"
            }
        },
        {
            "name": "LeftForeArm",
            "matrix": [
                0.9589108824729919,
                0.26787152886390686,
                0.09345997124910355,
                0.0,
                -0.26942816376686096,
                0.9630115032196045,
                0.004218299873173237,
                0.0,
                -0.08887304365634918,
                -0.02922571636736393,
                0.9956141114234924,
                0.0,
                0.000010728836059570313,
                20.838956832885742,
                0.000008851289749145508,
                1.0
            ],
            "children": [
                17
            ],
            "extras": {
                "name": "LeftForeArm"
            }
        },
        {
            "name": "LeftHand",
            "matrix": [
                -0.7791057825088501,
                0.478735089302063,
                -0.40473076701164246,
                0.0,
                0.36672279238700867,
                -0.17557023465633392,
                -0.9136133790016174,
                0.0,
                -0.50843745470047,
                -0.8602254390716553,
                -0.03877539187669754,
                0.0,
                -0.000005364418029785156,
                27.248682022094727,
                -0.000009894371032714844,
                1.0
            ],
            "extras": {
                "name": "LeftHand"
            }
        },
        {
            "name": "RightShoulder",
            "matrix": [
                -0.15342353284358978,
                -0.3062310814857483,
                0.9395125508308411,
                0.0,
                -0.9881604909896851,
                0.0481751412153244,
                -0.14566518366336823,
                0.0,
                -0.000653990893624723,
                -0.950737476348877,
                -0.30999666452407837,
                0.0,
                -4.530017375946045,
                2.6168158054351807,
                -2.112795114517212,
                1.0
            ],
            "children": [
                19
            ],
            "extras": {
                "name": "RightShoulder"
            }
        },
        {
            "name": "RightArm",
            "matrix": [
                0.9268360733985901,
                0.09611857682466507,
                -0.362954705953598,
                0.0,
                -0.2012949436903,
                0.9432168006896973,
                -0.26423895359039307,
                0.0,
                0.31694674491882324,
                0.31796714663505554,
                0.8935555815696716,
                0.0,
                9.572977432981133e-8,
                18.337968826293945,
                0.000002060367933154339,
                1.0
            ],
            "children": [
                20
            ],
            "extras": {
                "name": "RightArm"
            }
        },
        {
            "name": "RightForeArm",
            "matrix": [
                0.9377483129501343,
                -0.3442363739013672,
                -0.046145886182785034,
                0.0,
                0.34683144092559814,
                0.9351515769958496,
                0.0721067562699318,
                0.0,
                0.018331628292798996,
                -0.08362282067537308,
                0.9963286519050598,
                0.0,
                0.0000027418136596679688,
                20.323945999145508,
                -9.834766387939453e-7,
                1.0
            ],
            "children": [
                21
            ],
            "extras": {
                "name": "RightForeArm"
            }
        },
        {
            "name": "RightHand",
            "matrix": [
                0.11801529675722122,
                -0.9513976573944092,
                -0.2844553291797638,
                0.0,
                0.8664368987083435,
                -0.0412922129034996,
                0.49757587909698486,
                0.0,
                -0.4851384162902832,
                -0.3051842451095581,
                0.8194530606269836,
                0.0,
                0.0000010728836059570313,
                24.571500778198242,
                0.000003725290298461914,
                1.0
            ],
            "extras": {
                "name": "RightHand"
            }
        },
        {
            "name": "neck",
            "matrix": [
                0.9999232888221741,
                0.006031448487192392,
                0.01081653032451868,
                0.0,
                -0.00828071590512991,
                0.9750577807426453,
                0.22179660201072693,
                0.0,
                -0.009208986535668373,
                -0.22186912596225739,
                0.9750328660011292,
                0.0,
                -0.16848139464855194,
                19.83871841430664,
                4.512715816497803,
                1.0
            ],
            "children": [
                23
            ],
            "extras": {
                "name": "neck"
            }
        },
        {
            "name": "Head",
            "matrix": [
                0.9995976090431213,
                -0.01669400744140148,
                -0.022927697747945786,
                0.0,
                0.02445416897535324,
                0.9167901873588562,
                0.39861950278282166,
                0.0,
                0.014365332201123238,
                -0.3990197777748108,
                0.916829526424408,
                0.0,
                8.940696716308594e-8,
                7.351076602935791,
                8.810311555862427e-7,
                1.0
            ],
            "children": [
                24,
                25
            ],
            "extras": {
                "name": "Head"
            }
        },
        {
            "name": "head_end",
            "matrix": [
                0.9999898076057434,
                -0.004444247577339411,
                0.0007781825843267143,
                0.0,
                0.004444248508661985,
                0.9404955506324768,
                -0.33977699279785156,
                0.0,
                0.0007781758322380483,
                0.33977699279785156,
                0.9405056834220886,
                0.0,
                0.2354126274585724,
                49.81822967529297,
                -17.99803924560547,
                1.0
            ],
            "extras": {
                "name": "head_end"
            }
        },
        {
            "name": "headfront",
            "matrix": [
                0.9998824596405029,
                0.01241995394229889,
                0.008979683741927147,
                0.0,
                -0.012420054525136948,
                0.31335899233818054,
                0.9495536088943481,
                0.0,
                0.008979545906186104,
                -0.9495536088943481,
                0.31347644329071045,
                0.0,
                -0.2354123592376709,
                5.939478397369385,
                17.9980411529541,
                1.0
            ],
            "extras": {
                "name": "headfront"
            }
        },
        {
            "name": "char1",
            "mesh": 0,
            "skin": 0,
            "extras": {
                "name": "char1"
            }
        }
    ],
    "samplers": [
        {
            "magFilter": 9729,
            "minFilter": 9987
        }
    ],
    "scenes": [
        {
            "nodes": [
                0
            ]
        }
    ],
    "skins": [
        {
            "name": "skin",
            "joints": [
                2,
                3,
                4,
                5,
                6,
                7,
                8,
                9,
                10,
                11,
                12,
                13,
                15,
                16,
                17,
                19,
                20,
                21,
                23
            ],
            "inverseBindMatrices": 6
        }
    ],
    "textures": [
        {
            "source": 0,
            "sampler": 0
        }
    ],
    "scene": 0
}